# Blender 4.0.2
# www.blender.org
mtllib cube.mtl
o Cube
v 1.116007 0.375170 5.603259
v 1.071300 -0.222931 5.073679
v 0.644565 -0.033276 6.104352
v 0.599858 -0.631377 5.574771
v 0.471086 0.715208 5.273669
v 0.426379 0.117107 4.744088
v -0.000356 0.306763 5.774761
v -0.045063 -0.291338 5.245181
vn 0.0559 0.7475 0.6619
vn -0.5892 -0.5105 0.6263
vn -0.8060 0.4250 -0.4119
vn -0.0559 -0.7475 -0.6619
vn 0.8060 -0.4250 0.4119
vn 0.5892 0.5105 -0.6263
vt 0.875000 0.500000
vt 0.625000 0.750000
vt 0.625000 0.500000
vt 0.375000 1.000000
vt 0.375000 0.750000
vt 0.625000 0.000000
vt 0.375000 0.250000
vt 0.375000 0.000000
vt 0.375000 0.500000
vt 0.125000 0.750000
vt 0.125000 0.500000
vt 0.625000 0.250000
vt 0.875000 0.750000
vt 0.625000 1.000000
s 0
usemtl Material
f 5/1/1 3/2/1 1/3/1
f 3/2/2 8/4/2 4/5/2
f 7/6/3 6/7/3 8/8/3
f 2/9/4 8/10/4 6/11/4
f 1/3/5 4/5/5 2/9/5
f 5/12/6 2/9/6 6/7/6
f 5/1/1 7/13/1 3/2/1
f 3/2/2 7/14/2 8/4/2
f 7/6/3 5/12/3 6/7/3
f 2/9/4 4/5/4 8/10/4
f 1/3/5 3/2/5 4/5/5
f 5/12/6 1/3/6 2/9/6
o Cube.001
v 2.793290 0.694575 12.127441
v 2.727739 -1.537152 12.945133
v 1.119988 1.318844 13.697115
v 1.054437 -0.912884 14.514808
v 1.105306 0.162404 10.539666
v 1.039754 -2.069324 11.357359
v -0.567996 0.786672 12.109341
v -0.633547 -1.445055 12.927032
vn 0.0276 0.9386 -0.3439
vn -0.7037 0.2625 0.6602
vn -0.7099 -0.2238 -0.6678
vn -0.0276 -0.9386 0.3439
vn 0.7099 0.2238 0.6678
vn 0.7037 -0.2625 -0.6602
vt 0.875000 0.500000
vt 0.625000 0.750000
vt 0.625000 0.500000
vt 0.375000 1.000000
vt 0.375000 0.750000
vt 0.625000 0.000000
vt 0.375000 0.250000
vt 0.375000 0.000000
vt 0.375000 0.500000
vt 0.125000 0.750000
vt 0.125000 0.500000
vt 0.625000 0.250000
vt 0.875000 0.750000
vt 0.625000 1.000000
s 0
usemtl Material
f 13/15/7 11/16/7 9/17/7
f 11/16/8 16/18/8 12/19/8
f 15/20/9 14/21/9 16/22/9
f 10/23/10 16/24/10 14/25/10
f 9/17/11 12/19/11 10/23/11
f 13/26/12 10/23/12 14/21/12
f 13/15/7 15/27/7 11/16/7
f 11/16/8 15/28/8 16/18/8
f 15/20/9 13/26/9 14/21/9
f 10/23/10 12/19/10 16/24/10
f 9/17/11 11/16/11 12/19/11
f 13/26/12 9/17/12 10/23/12
o Cube.002
v -0.654181 0.665227 5.615702
v -0.509926 0.040205 5.049315
v -1.005961 0.098395 6.151620
v -0.861706 -0.526627 5.585234
v -1.420796 0.807720 5.263205
v -1.276540 0.182698 4.696818
v -1.772575 0.240888 5.799123
v -1.628320 -0.384134 5.232737
vn -0.1686 0.7304 0.6619
vn -0.4111 -0.6624 0.6263
vn -0.8959 0.1665 -0.4119
vn 0.1686 -0.7304 -0.6619
vn 0.8959 -0.1665 0.4119
vn 0.4111 0.6624 -0.6263
vt 0.875000 0.500000
vt 0.625000 0.750000
vt 0.625000 0.500000
vt 0.375000 1.000000
vt 0.375000 0.750000
vt 0.625000 0.000000
vt 0.375000 0.250000
vt 0.375000 0.000000
vt 0.375000 0.500000
vt 0.125000 0.750000
vt 0.125000 0.500000
vt 0.625000 0.250000
vt 0.875000 0.750000
vt 0.625000 1.000000
s 0
usemtl Material
f 21/29/13 19/30/13 17/31/13
f 19/30/14 24/32/14 20/33/14
f 23/34/15 22/35/15 24/36/15
f 18/37/16 24/38/16 22/39/16
f 17/31/17 20/33/17 18/37/17
f 21/40/18 18/37/18 22/35/18
f 21/29/13 23/41/13 19/30/13
f 19/30/14 23/42/14 24/32/14
f 23/34/15 21/40/15 22/35/15
f 18/37/16 20/33/16 24/38/16
f 17/31/17 19/30/17 20/33/17
f 21/40/18 17/31/18 18/37/18
o Cube.003
v 0.796567 -0.715263 5.522019
v 0.870246 -1.034496 5.232735
v 0.616894 -1.004775 5.795742
v 0.690573 -1.324008 5.506458
v 0.405015 -0.642484 5.341980
v 0.478694 -0.961717 5.052695
v 0.225342 -0.931996 5.615703
v 0.299021 -1.251229 5.326418
vn -0.1686 0.7304 0.6619
vn -0.4111 -0.6624 0.6263
vn -0.8959 0.1665 -0.4119
vn 0.1686 -0.7304 -0.6619
vn 0.8959 -0.1665 0.4119
vn 0.4111 0.6624 -0.6263
vt 0.875000 0.500000
vt 0.625000 0.750000
vt 0.625000 0.500000
vt 0.375000 1.000000
vt 0.375000 0.750000
vt 0.625000 0.000000
vt 0.375000 0.250000
vt 0.375000 0.000000
vt 0.375000 0.500000
vt 0.125000 0.750000
vt 0.125000 0.500000
vt 0.625000 0.250000
vt 0.875000 0.750000
vt 0.625000 1.000000
s 0
usemtl Material
f 29/43/19 27/44/19 25/45/19
f 27/44/20 32/46/20 28/47/20
f 31/48/21 30/49/21 32/50/21
f 26/51/22 32/52/22 30/53/22
f 25/45/23 28/47/23 26/51/23
f 29/54/24 26/51/24 30/49/24
f 29/43/19 31/55/19 27/44/19
f 27/44/20 31/56/20 32/46/20
f 31/48/21 29/54/21 30/49/21
f 26/51/22 28/47/22 32/52/22
f 25/45/23 27/44/23 28/47/23
f 29/54/24 25/45/24 26/51/24
o Cube.004
v -1.304327 0.286087 9.427081
v -1.374456 -2.101467 10.301867
v -3.094465 0.953945 11.106355
v -3.164593 -1.433610 11.981141
v -3.110173 -0.283242 7.728442
v -3.180301 -2.670797 8.603229
v -4.900310 0.384615 9.407716
v -4.970438 -2.002939 10.282502
vn 0.0276 0.9386 -0.3439
vn -0.7037 0.2625 0.6602
vn -0.7099 -0.2238 -0.6678
vn -0.0276 -0.9386 0.3439
vn 0.7099 0.2238 0.6678
vn 0.7037 -0.2625 -0.6602
vt 0.875000 0.500000
vt 0.625000 0.750000
vt 0.625000 0.500000
vt 0.375000 1.000000
vt 0.375000 0.750000
vt 0.625000 0.000000
vt 0.375000 0.250000
vt 0.375000 0.000000
vt 0.375000 0.500000
vt 0.125000 0.750000
vt 0.125000 0.500000
vt 0.625000 0.250000
vt 0.875000 0.750000
vt 0.625000 1.000000
s 0
usemtl Material
f 37/57/25 35/58/25 33/59/25
f 35/58/26 40/60/26 36/61/26
f 39/62/27 38/63/27 40/64/27
f 34/65/28 40/66/28 38/67/28
f 33/59/29 36/61/29 34/65/29
f 37/68/30 34/65/30 38/63/30
f 37/57/25 39/69/25 35/58/25
f 35/58/26 39/70/26 40/60/26
f 39/62/27 37/68/27 38/63/27
f 34/65/28 36/61/28 40/66/28
f 33/59/29 35/58/29 36/61/29
f 37/68/30 33/59/30 34/65/30
o Cube.005
v 0.083471 0.375170 9.126028
v 0.038764 -0.222931 8.596448
v -0.387971 -0.033276 9.627121
v -0.432678 -0.631377 9.097540
v -0.561450 0.715208 8.796438
v -0.606157 0.117107 8.266857
v -1.032892 0.306763 9.297530
v -1.077599 -0.291338 8.767950
vn 0.0559 0.7475 0.6619
vn -0.5892 -0.5105 0.6263
vn -0.8060 0.4250 -0.4119
vn -0.0559 -0.7475 -0.6619
vn 0.8060 -0.4250 0.4119
vn 0.5892 0.5105 -0.6263
vt 0.875000 0.500000
vt 0.625000 0.750000
vt 0.625000 0.500000
vt 0.375000 1.000000
vt 0.375000 0.750000
vt 0.625000 0.000000
vt 0.375000 0.250000
vt 0.375000 0.000000
vt 0.375000 0.500000
vt 0.125000 0.750000
vt 0.125000 0.500000
vt 0.625000 0.250000
vt 0.875000 0.750000
vt 0.625000 1.000000
s 0
usemtl Material
f 45/71/31 43/72/31 41/73/31
f 43/72/32 48/74/32 44/75/32
f 47/76/33 46/77/33 48/78/33
f 42/79/34 48/80/34 46/81/34
f 41/73/35 44/75/35 42/79/35
f 45/82/36 42/79/36 46/77/36
f 45/71/31 47/83/31 43/72/31
f 43/72/32 47/84/32 48/74/32
f 47/76/33 45/82/33 46/77/33
f 42/79/34 44/75/34 48/80/34
f 41/73/35 43/72/35 44/75/35
f 45/82/36 41/73/36 42/79/36
o Cube.006
v 1.760754 0.694575 15.650209
v 1.695203 -1.537152 16.467901
v 0.087453 1.318844 17.219883
v 0.021901 -0.912884 18.037575
v 0.072770 0.162404 14.062434
v 0.007219 -2.069324 14.880127
v -1.600532 0.786672 15.632109
v -1.666083 -1.445055 16.449800
vn 0.0276 0.9386 -0.3439
vn -0.7037 0.2625 0.6602
vn -0.7099 -0.2238 -0.6678
vn -0.0276 -0.9386 0.3439
vn 0.7099 0.2238 0.6678
vn 0.7037 -0.2625 -0.6602
vt 0.875000 0.500000
vt 0.625000 0.750000
vt 0.625000 0.500000
vt 0.375000 1.000000
vt 0.375000 0.750000
vt 0.625000 0.000000
vt 0.375000 0.250000
vt 0.375000 0.000000
vt 0.375000 0.500000
vt 0.125000 0.750000
vt 0.125000 0.500000
vt 0.625000 0.250000
vt 0.875000 0.750000
vt 0.625000 1.000000
s 0
usemtl Material
f 53/85/37 51/86/37 49/87/37
f 51/86/38 56/88/38 52/89/38
f 55/90/39 54/91/39 56/92/39
f 50/93/40 56/94/40 54/95/40
f 49/87/41 52/89/41 50/93/41
f 53/96/42 50/93/42 54/91/42
f 53/85/37 55/97/37 51/86/37
f 51/86/38 55/98/38 56/88/38
f 55/90/39 53/96/39 54/91/39
f 50/93/40 52/89/40 56/94/40
f 49/87/41 51/86/41 52/89/41
f 53/96/42 49/87/42 50/93/42
o Cube.007
v -1.686717 0.665227 9.138471
v -1.542462 0.040205 8.572084
v -2.038497 0.098395 9.674389
v -1.894241 -0.526627 9.108003
v -2.453331 0.807720 8.785974
v -2.309076 0.182698 8.219587
v -2.805111 0.240888 9.321892
v -2.660856 -0.384134 8.755506
vn -0.1686 0.7304 0.6619
vn -0.4111 -0.6624 0.6263
vn -0.8959 0.1665 -0.4119
vn 0.1686 -0.7304 -0.6619
vn 0.8959 -0.1665 0.4119
vn 0.4111 0.6624 -0.6263
vt 0.875000 0.500000
vt 0.625000 0.750000
vt 0.625000 0.500000
vt 0.375000 1.000000
vt 0.375000 0.750000
vt 0.625000 0.000000
vt 0.375000 0.250000
vt 0.375000 0.000000
vt 0.375000 0.500000
vt 0.125000 0.750000
vt 0.125000 0.500000
vt 0.625000 0.250000
vt 0.875000 0.750000
vt 0.625000 1.000000
s 0
usemtl Material
f 61/99/43 59/100/43 57/101/43
f 59/100/44 64/102/44 60/103/44
f 63/104/45 62/105/45 64/106/45
f 58/107/46 64/108/46 62/109/46
f 57/101/47 60/103/47 58/107/47
f 61/110/48 58/107/48 62/105/48
f 61/99/43 63/111/43 59/100/43
f 59/100/44 63/112/44 64/102/44
f 63/104/45 61/110/45 62/105/45
f 58/107/46 60/103/46 64/108/46
f 57/101/47 59/100/47 60/103/47
f 61/110/48 57/101/48 58/107/48
o Cube.008
v -0.235969 -0.715263 9.044787
v -0.162290 -1.034496 8.755504
v -0.415642 -1.004775 9.318511
v -0.341963 -1.324008 9.029226
v -0.627521 -0.642484 8.864748
v -0.553842 -0.961717 8.575463
v -0.807194 -0.931996 9.138471
v -0.733515 -1.251229 8.849187
vn -0.1686 0.7304 0.6619
vn -0.4111 -0.6624 0.6263
vn -0.8959 0.1665 -0.4119
vn 0.1686 -0.7304 -0.6619
vn 0.8959 -0.1665 0.4119
vn 0.4111 0.6624 -0.6263
vt 0.875000 0.500000
vt 0.625000 0.750000
vt 0.625000 0.500000
vt 0.375000 1.000000
vt 0.375000 0.750000
vt 0.625000 0.000000
vt 0.375000 0.250000
vt 0.375000 0.000000
vt 0.375000 0.500000
vt 0.125000 0.750000
vt 0.125000 0.500000
vt 0.625000 0.250000
vt 0.875000 0.750000
vt 0.625000 1.000000
s 0
usemtl Material
f 69/113/49 67/114/49 65/115/49
f 67/114/50 72/116/50 68/117/50
f 71/118/51 70/119/51 72/120/51
f 66/121/52 72/122/52 70/123/52
f 65/115/53 68/117/53 66/121/53
f 69/124/54 66/121/54 70/119/54
f 69/113/49 71/125/49 67/114/49
f 67/114/50 71/126/50 72/116/50
f 71/118/51 69/124/51 70/119/51
f 66/121/52 68/117/52 72/122/52
f 65/115/53 67/114/53 68/117/53
f 69/124/54 65/115/54 66/121/54
o Cube.009
v -2.336863 0.286087 12.949850
v -2.406991 -2.101467 13.824636
v -4.127000 0.953945 14.629124
v -4.197129 -1.433610 15.503910
v -4.142708 -0.283242 11.251211
v -4.212837 -2.670797 12.125998
v -5.932846 0.384615 12.930485
v -6.002974 -2.002939 13.805271
vn 0.0276 0.9386 -0.3439
vn -0.7037 0.2625 0.6602
vn -0.7099 -0.2238 -0.6678
vn -0.0276 -0.9386 0.3439
vn 0.7099 0.2238 0.6678
vn 0.7037 -0.2625 -0.6602
vt 0.875000 0.500000
vt 0.625000 0.750000
vt 0.625000 0.500000
vt 0.375000 1.000000
vt 0.375000 0.750000
vt 0.625000 0.000000
vt 0.375000 0.250000
vt 0.375000 0.000000
vt 0.375000 0.500000
vt 0.125000 0.750000
vt 0.125000 0.500000
vt 0.625000 0.250000
vt 0.875000 0.750000
vt 0.625000 1.000000
s 0
usemtl Material
f 77/127/55 75/128/55 73/129/55
f 75/128/56 80/130/56 76/131/56
f 79/132/57 78/133/57 80/134/57
f 74/135/58 80/136/58 78/137/58
f 73/129/59 76/131/59 74/135/59
f 77/138/60 74/135/60 78/133/60
f 77/127/55 79/139/55 75/128/55
f 75/128/56 79/140/56 80/130/56
f 79/132/57 77/138/57 78/133/57
f 74/135/58 76/131/58 80/136/58
f 73/129/59 75/128/59 76/131/59
f 77/138/60 73/129/60 74/135/60
o Cube.010
v 4.699514 0.375170 9.065290
v 4.654806 -0.222931 8.535710
v 4.228072 -0.033276 9.566383
v 4.183364 -0.631377 9.036802
v 4.054593 0.715208 8.735701
v 4.009885 0.117107 8.206120
v 3.583151 0.306763 9.236793
v 3.538443 -0.291338 8.707212
vn 0.0559 0.7475 0.6619
vn -0.5892 -0.5105 0.6263
vn -0.8060 0.4250 -0.4119
vn -0.0559 -0.7475 -0.6619
vn 0.8060 -0.4250 0.4119
vn 0.5892 0.5105 -0.6263
vt 0.875000 0.500000
vt 0.625000 0.750000
vt 0.625000 0.500000
vt 0.375000 1.000000
vt 0.375000 0.750000
vt 0.625000 0.000000
vt 0.375000 0.250000
vt 0.375000 0.000000
vt 0.375000 0.500000
vt 0.125000 0.750000
vt 0.125000 0.500000
vt 0.625000 0.250000
vt 0.875000 0.750000
vt 0.625000 1.000000
s 0
usemtl Material
f 85/141/61 83/142/61 81/143/61
f 83/142/62 88/144/62 84/145/62
f 87/146/63 86/147/63 88/148/63
f 82/149/64 88/150/64 86/151/64
f 81/143/65 84/145/65 82/149/65
f 85/152/66 82/149/66 86/147/66
f 85/141/61 87/153/61 83/142/61
f 83/142/62 87/154/62 88/144/62
f 87/146/63 85/152/63 86/147/63
f 82/149/64 84/145/64 88/150/64
f 81/143/65 83/142/65 84/145/65
f 85/152/66 81/143/66 82/149/66
o Cube.011
v 6.376797 0.694575 15.589472
v 6.311245 -1.537152 16.407164
v 4.703495 1.318844 17.159145
v 4.637943 -0.912884 17.976837
v 4.688812 0.162404 14.001697
v 4.623261 -2.069324 14.819389
v 3.015510 0.786672 15.571371
v 2.949959 -1.445055 16.389063
vn 0.0276 0.9386 -0.3439
vn -0.7037 0.2625 0.6602
vn -0.7099 -0.2238 -0.6678
vn -0.0276 -0.9386 0.3439
vn 0.7099 0.2238 0.6678
vn 0.7037 -0.2625 -0.6602
vt 0.875000 0.500000
vt 0.625000 0.750000
vt 0.625000 0.500000
vt 0.375000 1.000000
vt 0.375000 0.750000
vt 0.625000 0.000000
vt 0.375000 0.250000
vt 0.375000 0.000000
vt 0.375000 0.500000
vt 0.125000 0.750000
vt 0.125000 0.500000
vt 0.625000 0.250000
vt 0.875000 0.750000
vt 0.625000 1.000000
s 0
usemtl Material
f 93/155/67 91/156/67 89/157/67
f 91/156/68 96/158/68 92/159/68
f 95/160/69 94/161/69 96/162/69
f 90/163/70 96/164/70 94/165/70
f 89/157/71 92/159/71 90/163/71
f 93/166/72 90/163/72 94/161/72
f 93/155/67 95/167/67 91/156/67
f 91/156/68 95/168/68 96/158/68
f 95/160/69 93/166/69 94/161/69
f 90/163/70 92/159/70 96/164/70
f 89/157/71 91/156/71 92/159/71
f 93/166/72 89/157/72 90/163/72
o Cube.012
v 2.929325 0.665227 9.077733
v 3.073580 0.040205 8.511347
v 2.577545 0.098395 9.613651
v 2.721801 -0.526627 9.047265
v 2.162711 0.807720 8.725236
v 2.306966 0.182698 8.158850
v 1.810931 0.240888 9.261154
v 1.955187 -0.384134 8.694768
vn -0.1686 0.7304 0.6619
vn -0.4111 -0.6624 0.6263
vn -0.8959 0.1665 -0.4119
vn 0.1686 -0.7304 -0.6619
vn 0.8959 -0.1665 0.4119
vn 0.4111 0.6624 -0.6263
vt 0.875000 0.500000
vt 0.625000 0.750000
vt 0.625000 0.500000
vt 0.375000 1.000000
vt 0.375000 0.750000
vt 0.625000 0.000000
vt 0.375000 0.250000
vt 0.375000 0.000000
vt 0.375000 0.500000
vt 0.125000 0.750000
vt 0.125000 0.500000
vt 0.625000 0.250000
vt 0.875000 0.750000
vt 0.625000 1.000000
s 0
usemtl Material
f 101/169/73 99/170/73 97/171/73
f 99/170/74 104/172/74 100/173/74
f 103/174/75 102/175/75 104/176/75
f 98/177/76 104/178/76 102/179/76
f 97/171/77 100/173/77 98/177/77
f 101/180/78 98/177/78 102/175/78
f 101/169/73 103/181/73 99/170/73
f 99/170/74 103/182/74 104/172/74
f 103/174/75 101/180/75 102/175/75
f 98/177/76 100/173/76 104/178/76
f 97/171/77 99/170/77 100/173/77
f 101/180/78 97/171/78 98/177/78
o Cube.013
v 4.380074 -0.715263 8.984050
v 4.453753 -1.034496 8.694766
v 4.200400 -1.004775 9.257773
v 4.274079 -1.324008 8.968489
v 3.988522 -0.642484 8.804010
v 4.062201 -0.961717 8.514726
v 3.808848 -0.931996 9.077733
v 3.882527 -1.251229 8.788449
vn -0.1686 0.7304 0.6619
vn -0.4111 -0.6624 0.6263
vn -0.8959 0.1665 -0.4119
vn 0.1686 -0.7304 -0.6619
vn 0.8959 -0.1665 0.4119
vn 0.4111 0.6624 -0.6263
vt 0.875000 0.500000
vt 0.625000 0.750000
vt 0.625000 0.500000
vt 0.375000 1.000000
vt 0.375000 0.750000
vt 0.625000 0.000000
vt 0.375000 0.250000
vt 0.375000 0.000000
vt 0.375000 0.500000
vt 0.125000 0.750000
vt 0.125000 0.500000
vt 0.625000 0.250000
vt 0.875000 0.750000
vt 0.625000 1.000000
s 0
usemtl Material
f 109/183/79 107/184/79 105/185/79
f 107/184/80 112/186/80 108/187/80
f 111/188/81 110/189/81 112/190/81
f 106/191/82 112/192/82 110/193/82
f 105/185/83 108/187/83 106/191/83
f 109/194/84 106/191/84 110/189/84
f 109/183/79 111/195/79 107/184/79
f 107/184/80 111/196/80 112/186/80
f 111/188/81 109/194/81 110/189/81
f 106/191/82 108/187/82 112/192/82
f 105/185/83 107/184/83 108/187/83
f 109/194/84 105/185/84 106/191/84
o Cube.014
v 2.279179 0.286087 12.889112
v 2.209051 -2.101467 13.763899
v 0.489042 0.953945 14.568386
v 0.418913 -1.433610 15.443172
v 0.473334 -0.283242 11.190474
v 0.403206 -2.670797 12.065260
v -1.316803 0.384615 12.869747
v -1.386932 -2.002939 13.744534
vn 0.0276 0.9386 -0.3439
vn -0.7037 0.2625 0.6602
vn -0.7099 -0.2238 -0.6678
vn -0.0276 -0.9386 0.3439
vn 0.7099 0.2238 0.6678
vn 0.7037 -0.2625 -0.6602
vt 0.875000 0.500000
vt 0.625000 0.750000
vt 0.625000 0.500000
vt 0.375000 1.000000
vt 0.375000 0.750000
vt 0.625000 0.000000
vt 0.375000 0.250000
vt 0.375000 0.000000
vt 0.375000 0.500000
vt 0.125000 0.750000
vt 0.125000 0.500000
vt 0.625000 0.250000
vt 0.875000 0.750000
vt 0.625000 1.000000
s 0
usemtl Material
f 117/197/85 115/198/85 113/199/85
f 115/198/86 120/200/86 116/201/86
f 119/202/87 118/203/87 120/204/87
f 114/205/88 120/206/88 118/207/88
f 113/199/89 116/201/89 114/205/89
f 117/208/90 114/205/90 118/203/90
f 117/197/85 119/209/85 115/198/85
f 115/198/86 119/210/86 120/200/86
f 119/202/87 117/208/87 118/203/87
f 114/205/88 116/201/88 120/206/88
f 113/199/89 115/198/89 116/201/89
f 117/208/90 113/199/90 114/205/90
o Cube.015
v -0.584640 0.375170 6.089159
v -0.629347 -0.222931 5.559578
v -1.056082 -0.033276 6.590251
v -1.100789 -0.631377 6.060671
v -1.229561 0.715208 5.759568
v -1.274268 0.117107 5.229988
v -1.701003 0.306763 6.260661
v -1.745710 -0.291338 5.731081
vn 0.0559 0.7475 0.6619
vn -0.5892 -0.5105 0.6263
vn -0.8060 0.4250 -0.4119
vn -0.0559 -0.7475 -0.6619
vn 0.8060 -0.4250 0.4119
vn 0.5892 0.5105 -0.6263
vt 0.875000 0.500000
vt 0.625000 0.750000
vt 0.625000 0.500000
vt 0.375000 1.000000
vt 0.375000 0.750000
vt 0.625000 0.000000
vt 0.375000 0.250000
vt 0.375000 0.000000
vt 0.375000 0.500000
vt 0.125000 0.750000
vt 0.125000 0.500000
vt 0.625000 0.250000
vt 0.875000 0.750000
vt 0.625000 1.000000
s 0
usemtl Material
f 125/211/91 123/212/91 121/213/91
f 123/212/92 128/214/92 124/215/92
f 127/216/93 126/217/93 128/218/93
f 122/219/94 128/220/94 126/221/94
f 121/213/95 124/215/95 122/219/95
f 125/222/96 122/219/96 126/217/96
f 125/211/91 127/223/91 123/212/91
f 123/212/92 127/224/92 128/214/92
f 127/216/93 125/222/93 126/217/93
f 122/219/94 124/215/94 128/220/94
f 121/213/95 123/212/95 124/215/95
f 125/222/96 121/213/96 122/219/96
o Cube.016
v 1.092643 0.694575 12.613340
v 1.027092 -1.537152 13.431032
v -0.580659 1.318844 14.183014
v -0.646210 -0.912884 15.000707
v -0.595341 0.162404 11.025565
v -0.660893 -2.069324 11.843258
v -2.268643 0.786672 12.595240
v -2.334194 -1.445055 13.412931
vn 0.0276 0.9386 -0.3439
vn -0.7037 0.2625 0.6602
vn -0.7099 -0.2238 -0.6678
vn -0.0276 -0.9386 0.3439
vn 0.7099 0.2238 0.6678
vn 0.7037 -0.2625 -0.6602
vt 0.875000 0.500000
vt 0.625000 0.750000
vt 0.625000 0.500000
vt 0.375000 1.000000
vt 0.375000 0.750000
vt 0.625000 0.000000
vt 0.375000 0.250000
vt 0.375000 0.000000
vt 0.375000 0.500000
vt 0.125000 0.750000
vt 0.125000 0.500000
vt 0.625000 0.250000
vt 0.875000 0.750000
vt 0.625000 1.000000
s 0
usemtl Material
f 133/225/97 131/226/97 129/227/97
f 131/226/98 136/228/98 132/229/98
f 135/230/99 134/231/99 136/232/99
f 130/233/100 136/234/100 134/235/100
f 129/227/101 132/229/101 130/233/101
f 133/236/102 130/233/102 134/231/102
f 133/225/97 135/237/97 131/226/97
f 131/226/98 135/238/98 136/228/98
f 135/230/99 133/236/99 134/231/99
f 130/233/100 132/229/100 136/234/100
f 129/227/101 131/226/101 132/229/101
f 133/236/102 129/227/102 130/233/102
o Cube.017
v -2.354829 0.665227 6.101601
v -2.210573 0.040205 5.535215
v -2.706608 0.098395 6.637519
v -2.562353 -0.526627 6.071133
v -3.121443 0.807720 5.749104
v -2.977187 0.182698 5.182718
v -3.473222 0.240888 6.285022
v -3.328967 -0.384134 5.718636
vn -0.1686 0.7304 0.6619
vn -0.4111 -0.6624 0.6263
vn -0.8959 0.1665 -0.4119
vn 0.1686 -0.7304 -0.6619
vn 0.8959 -0.1665 0.4119
vn 0.4111 0.6624 -0.6263
vt 0.875000 0.500000
vt 0.625000 0.750000
vt 0.625000 0.500000
vt 0.375000 1.000000
vt 0.375000 0.750000
vt 0.625000 0.000000
vt 0.375000 0.250000
vt 0.375000 0.000000
vt 0.375000 0.500000
vt 0.125000 0.750000
vt 0.125000 0.500000
vt 0.625000 0.250000
vt 0.875000 0.750000
vt 0.625000 1.000000
s 0
usemtl Material
f 141/239/103 139/240/103 137/241/103
f 139/240/104 144/242/104 140/243/104
f 143/244/105 142/245/105 144/246/105
f 138/247/106 144/248/106 142/249/106
f 137/241/107 140/243/107 138/247/107
f 141/250/108 138/247/108 142/245/108
f 141/239/103 143/251/103 139/240/103
f 139/240/104 143/252/104 144/242/104
f 143/244/105 141/250/105 142/245/105
f 138/247/106 140/243/106 144/248/106
f 137/241/107 139/240/107 140/243/107
f 141/250/108 137/241/108 138/247/108
o Cube.018
v -0.904080 -0.715263 6.007918
v -0.830401 -1.034496 5.718634
v -1.083753 -1.004775 6.281641
v -1.010074 -1.324008 5.992357
v -1.295632 -0.642484 5.827878
v -1.221953 -0.961717 5.538594
v -1.475305 -0.931996 6.101602
v -1.401626 -1.251229 5.812317
vn -0.1686 0.7304 0.6619
vn -0.4111 -0.6624 0.6263
vn -0.8959 0.1665 -0.4119
vn 0.1686 -0.7304 -0.6619
vn 0.8959 -0.1665 0.4119
vn 0.4111 0.6624 -0.6263
vt 0.875000 0.500000
vt 0.625000 0.750000
vt 0.625000 0.500000
vt 0.375000 1.000000
vt 0.375000 0.750000
vt 0.625000 0.000000
vt 0.375000 0.250000
vt 0.375000 0.000000
vt 0.375000 0.500000
vt 0.125000 0.750000
vt 0.125000 0.500000
vt 0.625000 0.250000
vt 0.875000 0.750000
vt 0.625000 1.000000
s 0
usemtl Material
f 149/253/109 147/254/109 145/255/109
f 147/254/110 152/256/110 148/257/110
f 151/258/111 150/259/111 152/260/111
f 146/261/112 152/262/112 150/263/112
f 145/255/113 148/257/113 146/261/113
f 149/264/114 146/261/114 150/259/114
f 149/253/109 151/265/109 147/254/109
f 147/254/110 151/266/110 152/256/110
f 151/258/111 149/264/111 150/259/111
f 146/261/112 148/257/112 152/262/112
f 145/255/113 147/254/113 148/257/113
f 149/264/114 145/255/114 146/261/114
o Cube.019
v -3.004974 0.286087 9.912980
v -3.075103 -2.101467 10.787766
v -4.795112 0.953945 11.592254
v -4.865240 -1.433610 12.467040
v -4.810820 -0.283242 8.214341
v -4.880948 -2.670797 9.089128
v -6.600957 0.384615 9.893615
v -6.671085 -2.002939 10.768401
vn 0.0276 0.9386 -0.3439
vn -0.7037 0.2625 0.6602
vn -0.7099 -0.2238 -0.6678
vn -0.0276 -0.9386 0.3439
vn 0.7099 0.2238 0.6678
vn 0.7037 -0.2625 -0.6602
vt 0.875000 0.500000
vt 0.625000 0.750000
vt 0.625000 0.500000
vt 0.375000 1.000000
vt 0.375000 0.750000
vt 0.625000 0.000000
vt 0.375000 0.250000
vt 0.375000 0.000000
vt 0.375000 0.500000
vt 0.125000 0.750000
vt 0.125000 0.500000
vt 0.625000 0.250000
vt 0.875000 0.750000
vt 0.625000 1.000000
s 0
usemtl Material
f 157/267/115 155/268/115 153/269/115
f 155/268/116 160/270/116 156/271/116
f 159/272/117 158/273/117 160/274/117
f 154/275/118 160/276/118 158/277/118
f 153/269/119 156/271/119 154/275/119
f 157/278/120 154/275/120 158/273/120
f 157/267/115 159/279/115 155/268/115
f 155/268/116 159/280/116 160/270/116
f 159/272/117 157/278/117 158/273/117
f 154/275/118 156/271/118 160/276/118
f 153/269/119 155/268/119 156/271/119
f 157/278/120 153/269/120 154/275/120
o Cube.020
v 1.419694 0.375170 7.303906
v 1.374987 -0.222931 6.774326
v 0.948252 -0.033276 7.804999
v 0.903545 -0.631377 7.275419
v 0.774773 0.715208 6.974316
v 0.730066 0.117107 6.444736
v 0.303331 0.306763 7.475409
v 0.258624 -0.291338 6.945828
vn 0.0559 0.7475 0.6619
vn -0.5892 -0.5105 0.6263
vn -0.8060 0.4250 -0.4119
vn -0.0559 -0.7475 -0.6619
vn 0.8060 -0.4250 0.4119
vn 0.5892 0.5105 -0.6263
vt 0.875000 0.500000
vt 0.625000 0.750000
vt 0.625000 0.500000
vt 0.375000 1.000000
vt 0.375000 0.750000
vt 0.625000 0.000000
vt 0.375000 0.250000
vt 0.375000 0.000000
vt 0.375000 0.500000
vt 0.125000 0.750000
vt 0.125000 0.500000
vt 0.625000 0.250000
vt 0.875000 0.750000
vt 0.625000 1.000000
s 0
usemtl Material
f 165/281/121 163/282/121 161/283/121
f 163/282/122 168/284/122 164/285/122
f 167/286/123 166/287/123 168/288/123
f 162/289/124 168/290/124 166/291/124
f 161/283/125 164/285/125 162/289/125
f 165/292/126 162/289/126 166/287/126
f 165/281/121 167/293/121 163/282/121
f 163/282/122 167/294/122 168/284/122
f 167/286/123 165/292/123 166/287/123
f 162/289/124 164/285/124 168/290/124
f 161/283/125 163/282/125 164/285/125
f 165/292/126 161/283/126 162/289/126
o Cube.021
v 3.096977 0.694575 13.828088
v 3.031426 -1.537152 14.645781
v 1.423675 1.318844 15.397761
v 1.358124 -0.912884 16.215454
v 1.408993 0.162404 12.240313
v 1.343441 -2.069324 13.058005
v -0.264309 0.786672 13.809986
v -0.329860 -1.445055 14.627679
vn 0.0276 0.9386 -0.3439
vn -0.7037 0.2625 0.6602
vn -0.7099 -0.2238 -0.6678
vn -0.0276 -0.9386 0.3439
vn 0.7099 0.2238 0.6678
vn 0.7037 -0.2625 -0.6602
vt 0.875000 0.500000
vt 0.625000 0.750000
vt 0.625000 0.500000
vt 0.375000 1.000000
vt 0.375000 0.750000
vt 0.625000 0.000000
vt 0.375000 0.250000
vt 0.375000 0.000000
vt 0.375000 0.500000
vt 0.125000 0.750000
vt 0.125000 0.500000
vt 0.625000 0.250000
vt 0.875000 0.750000
vt 0.625000 1.000000
s 0
usemtl Material
f 173/295/127 171/296/127 169/297/127
f 171/296/128 176/298/128 172/299/128
f 175/300/129 174/301/129 176/302/129
f 170/303/130 176/304/130 174/305/130
f 169/297/131 172/299/131 170/303/131
f 173/306/132 170/303/132 174/301/132
f 173/295/127 175/307/127 171/296/127
f 171/296/128 175/308/128 176/298/128
f 175/300/129 173/306/129 174/301/129
f 170/303/130 172/299/130 176/304/130
f 169/297/131 171/296/131 172/299/131
f 173/306/132 169/297/132 170/303/132
o Cube.022
v -0.350495 0.665227 7.316349
v -0.206239 0.040205 6.749963
v -0.702274 0.098395 7.852267
v -0.558019 -0.526627 7.285881
v -1.117109 0.807720 6.963852
v -0.972854 0.182698 6.397466
v -1.468888 0.240888 7.499770
v -1.324633 -0.384134 6.933384
vn -0.1686 0.7304 0.6619
vn -0.4111 -0.6624 0.6263
vn -0.8959 0.1665 -0.4119
vn 0.1686 -0.7304 -0.6619
vn 0.8959 -0.1665 0.4119
vn 0.4111 0.6624 -0.6263
vt 0.875000 0.500000
vt 0.625000 0.750000
vt 0.625000 0.500000
vt 0.375000 1.000000
vt 0.375000 0.750000
vt 0.625000 0.000000
vt 0.375000 0.250000
vt 0.375000 0.000000
vt 0.375000 0.500000
vt 0.125000 0.750000
vt 0.125000 0.500000
vt 0.625000 0.250000
vt 0.875000 0.750000
vt 0.625000 1.000000
s 0
usemtl Material
f 181/309/133 179/310/133 177/311/133
f 179/310/134 184/312/134 180/313/134
f 183/314/135 182/315/135 184/316/135
f 178/317/136 184/318/136 182/319/136
f 177/311/137 180/313/137 178/317/137
f 181/320/138 178/317/138 182/315/138
f 181/309/133 183/321/133 179/310/133
f 179/310/134 183/322/134 184/312/134
f 183/314/135 181/320/135 182/315/135
f 178/317/136 180/313/136 184/318/136
f 177/311/137 179/310/137 180/313/137
f 181/320/138 177/311/138 178/317/138
o Cube.023
v 1.100254 -0.715263 7.222666
v 1.173933 -1.034496 6.933382
v 0.920581 -1.004775 7.496389
v 0.994260 -1.324008 7.207105
v 0.708702 -0.642484 7.042626
v 0.782381 -0.961717 6.753342
v 0.529029 -0.931996 7.316350
v 0.602708 -1.251229 7.027065
vn -0.1686 0.7304 0.6619
vn -0.4111 -0.6624 0.6263
vn -0.8959 0.1665 -0.4119
vn 0.1686 -0.7304 -0.6619
vn 0.8959 -0.1665 0.4119
vn 0.4111 0.6624 -0.6263
vt 0.875000 0.500000
vt 0.625000 0.750000
vt 0.625000 0.500000
vt 0.375000 1.000000
vt 0.375000 0.750000
vt 0.625000 0.000000
vt 0.375000 0.250000
vt 0.375000 0.000000
vt 0.375000 0.500000
vt 0.125000 0.750000
vt 0.125000 0.500000
vt 0.625000 0.250000
vt 0.875000 0.750000
vt 0.625000 1.000000
s 0
usemtl Material
f 189/323/139 187/324/139 185/325/139
f 187/324/140 192/326/140 188/327/140
f 191/328/141 190/329/141 192/330/141
f 186/331/142 192/332/142 190/333/142
f 185/325/143 188/327/143 186/331/143
f 189/334/144 186/331/144 190/329/144
f 189/323/139 191/335/139 187/324/139
f 187/324/140 191/336/140 192/326/140
f 191/328/141 189/334/141 190/329/141
f 186/331/142 188/327/142 192/332/142
f 185/325/143 187/324/143 188/327/143
f 189/334/144 185/325/144 186/331/144
o Cube.024
v -1.000640 0.286087 11.127728
v -1.070769 -2.101467 12.002514
v -2.790778 0.953945 12.807001
v -2.860906 -1.433610 13.681787
v -2.806486 -0.283242 9.429089
v -2.876614 -2.670797 10.303875
v -4.596623 0.384615 11.108362
v -4.666751 -2.002939 11.983149
vn 0.0276 0.9386 -0.3439
vn -0.7037 0.2625 0.6602
vn -0.7099 -0.2238 -0.6678
vn -0.0276 -0.9386 0.3439
vn 0.7099 0.2238 0.6678
vn 0.7037 -0.2625 -0.6602
vt 0.875000 0.500000
vt 0.625000 0.750000
vt 0.625000 0.500000
vt 0.375000 1.000000
vt 0.375000 0.750000
vt 0.625000 0.000000
vt 0.375000 0.250000
vt 0.375000 0.000000
vt 0.375000 0.500000
vt 0.125000 0.750000
vt 0.125000 0.500000
vt 0.625000 0.250000
vt 0.875000 0.750000
vt 0.625000 1.000000
s 0
usemtl Material
f 197/337/145 195/338/145 193/339/145
f 195/338/146 200/340/146 196/341/146
f 199/342/147 198/343/147 200/344/147
f 194/345/148 200/346/148 198/347/148
f 193/339/149 196/341/149 194/345/149
f 197/348/150 194/345/150 198/343/150
f 197/337/145 199/349/145 195/338/145
f 195/338/146 199/350/146 200/340/146
f 199/342/147 197/348/147 198/343/147
f 194/345/148 196/341/148 200/346/148
f 193/339/149 195/338/149 196/341/149
f 197/348/150 193/339/150 194/345/150
o Cube.025
v 0.144209 0.375170 10.765938
v 0.099501 -0.222931 10.236358
v -0.327233 -0.033276 11.267031
v -0.371941 -0.631377 10.737450
v -0.500712 0.715208 10.436348
v -0.545420 0.117107 9.906767
v -0.972154 0.306763 10.937440
v -1.016861 -0.291338 10.407860
vn 0.0559 0.7475 0.6619
vn -0.5892 -0.5105 0.6263
vn -0.8060 0.4250 -0.4119
vn -0.0559 -0.7475 -0.6619
vn 0.8060 -0.4250 0.4119
vn 0.5892 0.5105 -0.6263
vt 0.875000 0.500000
vt 0.625000 0.750000
vt 0.625000 0.500000
vt 0.375000 1.000000
vt 0.375000 0.750000
vt 0.625000 0.000000
vt 0.375000 0.250000
vt 0.375000 0.000000
vt 0.375000 0.500000
vt 0.125000 0.750000
vt 0.125000 0.500000
vt 0.625000 0.250000
vt 0.875000 0.750000
vt 0.625000 1.000000
s 0
usemtl Material
f 205/351/151 203/352/151 201/353/151
f 203/352/152 208/354/152 204/355/152
f 207/356/153 206/357/153 208/358/153
f 202/359/154 208/360/154 206/361/154
f 201/353/155 204/355/155 202/359/155
f 205/362/156 202/359/156 206/357/156
f 205/351/151 207/363/151 203/352/151
f 203/352/152 207/364/152 208/354/152
f 207/356/153 205/362/153 206/357/153
f 202/359/154 204/355/154 208/360/154
f 201/353/155 203/352/155 204/355/155
f 205/362/156 201/353/156 202/359/156
o Cube.026
v 1.821492 0.694575 17.290119
v 1.755940 -1.537152 18.107811
v 0.148190 1.318844 18.859793
v 0.082639 -0.912884 19.677485
v 0.133507 0.162404 15.702344
v 0.067956 -2.069324 16.520037
v -1.539794 0.786672 17.272018
v -1.605346 -1.445055 18.089710
vn 0.0276 0.9386 -0.3439
vn -0.7037 0.2625 0.6602
vn -0.7099 -0.2238 -0.6678
vn -0.0276 -0.9386 0.3439
vn 0.7099 0.2238 0.6678
vn 0.7037 -0.2625 -0.6602
vt 0.875000 0.500000
vt 0.625000 0.750000
vt 0.625000 0.500000
vt 0.375000 1.000000
vt 0.375000 0.750000
vt 0.625000 0.000000
vt 0.375000 0.250000
vt 0.375000 0.000000
vt 0.375000 0.500000
vt 0.125000 0.750000
vt 0.125000 0.500000
vt 0.625000 0.250000
vt 0.875000 0.750000
vt 0.625000 1.000000
s 0
usemtl Material
f 213/365/157 211/366/157 209/367/157
f 211/366/158 216/368/158 212/369/158
f 215/370/159 214/371/159 216/372/159
f 210/373/160 216/374/160 214/375/160
f 209/367/161 212/369/161 210/373/161
f 213/376/162 210/373/162 214/371/162
f 213/365/157 215/377/157 211/366/157
f 211/366/158 215/378/158 216/368/158
f 215/370/159 213/376/159 214/371/159
f 210/373/160 212/369/160 216/374/160
f 209/367/161 211/366/161 212/369/161
f 213/376/162 209/367/162 210/373/162
o Cube.027
v -1.625980 0.665227 10.778380
v -1.481725 0.040205 10.211994
v -1.977759 0.098395 11.314299
v -1.833504 -0.526627 10.747912
v -2.392594 0.807720 10.425883
v -2.248339 0.182698 9.859497
v -2.744374 0.240888 10.961802
v -2.600118 -0.384134 10.395415
vn -0.1686 0.7304 0.6619
vn -0.4111 -0.6624 0.6263
vn -0.8959 0.1665 -0.4119
vn 0.1686 -0.7304 -0.6619
vn 0.8959 -0.1665 0.4119
vn 0.4111 0.6624 -0.6263
vt 0.875000 0.500000
vt 0.625000 0.750000
vt 0.625000 0.500000
vt 0.375000 1.000000
vt 0.375000 0.750000
vt 0.625000 0.000000
vt 0.375000 0.250000
vt 0.375000 0.000000
vt 0.375000 0.500000
vt 0.125000 0.750000
vt 0.125000 0.500000
vt 0.625000 0.250000
vt 0.875000 0.750000
vt 0.625000 1.000000
s 0
usemtl Material
f 221/379/163 219/380/163 217/381/163
f 219/380/164 224/382/164 220/383/164
f 223/384/165 222/385/165 224/386/165
f 218/387/166 224/388/166 222/389/166
f 217/381/167 220/383/167 218/387/167
f 221/390/168 218/387/168 222/385/168
f 221/379/163 223/391/163 219/380/163
f 219/380/164 223/392/164 224/382/164
f 223/384/165 221/390/165 222/385/165
f 218/387/166 220/383/166 224/388/166
f 217/381/167 219/380/167 220/383/167
f 221/390/168 217/381/168 218/387/168
o Cube.028
v -0.175231 -0.715263 10.684697
v -0.101552 -1.034496 10.395413
v -0.354904 -1.004775 10.958421
v -0.281225 -1.324008 10.669136
v -0.566783 -0.642484 10.504658
v -0.493104 -0.961717 10.215373
v -0.746456 -0.931996 10.778380
v -0.672777 -1.251229 10.489097
vn -0.1686 0.7304 0.6619
vn -0.4111 -0.6624 0.6263
vn -0.8959 0.1665 -0.4119
vn 0.1686 -0.7304 -0.6619
vn 0.8959 -0.1665 0.4119
vn 0.4111 0.6624 -0.6263
vt 0.875000 0.500000
vt 0.625000 0.750000
vt 0.625000 0.500000
vt 0.375000 1.000000
vt 0.375000 0.750000
vt 0.625000 0.000000
vt 0.375000 0.250000
vt 0.375000 0.000000
vt 0.375000 0.500000
vt 0.125000 0.750000
vt 0.125000 0.500000
vt 0.625000 0.250000
vt 0.875000 0.750000
vt 0.625000 1.000000
s 0
usemtl Material
f 229/393/169 227/394/169 225/395/169
f 227/394/170 232/396/170 228/397/170
f 231/398/171 230/399/171 232/400/171
f 226/401/172 232/402/172 230/403/172
f 225/395/173 228/397/173 226/401/173
f 229/404/174 226/401/174 230/399/174
f 229/393/169 231/405/169 227/394/169
f 227/394/170 231/406/170 232/396/170
f 231/398/171 229/404/171 230/399/171
f 226/401/172 228/397/172 232/402/172
f 225/395/173 227/394/173 228/397/173
f 229/404/174 225/395/174 226/401/174
o Cube.029
v -2.276126 0.286087 14.589759
v -2.346254 -2.101467 15.464545
v -4.066263 0.953945 16.269032
v -4.136392 -1.433610 17.143818
v -4.081971 -0.283242 12.891120
v -4.152100 -2.670797 13.765906
v -5.872108 0.384615 14.570394
v -5.942237 -2.002939 15.445180
vn 0.0276 0.9386 -0.3439
vn -0.7037 0.2625 0.6602
vn -0.7099 -0.2238 -0.6678
vn -0.0276 -0.9386 0.3439
vn 0.7099 0.2238 0.6678
vn 0.7037 -0.2625 -0.6602
vt 0.875000 0.500000
vt 0.625000 0.750000
vt 0.625000 0.500000
vt 0.375000 1.000000
vt 0.375000 0.750000
vt 0.625000 0.000000
vt 0.375000 0.250000
vt 0.375000 0.000000
vt 0.375000 0.500000
vt 0.125000 0.750000
vt 0.125000 0.500000
vt 0.625000 0.250000
vt 0.875000 0.750000
vt 0.625000 1.000000
s 0
usemtl Material
f 237/407/175 235/408/175 233/409/175
f 235/408/176 240/410/176 236/411/176
f 239/412/177 238/413/177 240/414/177
f 234/415/178 240/416/178 238/417/178
f 233/409/179 236/411/179 234/415/179
f 237/418/180 234/415/180 238/413/180
f 237/407/175 239/419/175 235/408/175
f 235/408/176 239/420/176 240/410/176
f 239/412/177 237/418/177 238/413/177
f 234/415/178 236/411/178 240/416/178
f 233/409/179 235/408/179 236/411/179
f 237/418/180 233/409/180 234/415/180
o Cube.030
v -2.467499 0.375170 10.765938
v -2.512207 -0.222931 10.236358
v -2.938941 -0.033276 11.267031
v -2.983649 -0.631377 10.737450
v -3.112420 0.715208 10.436348
v -3.157127 0.117107 9.906767
v -3.583862 0.306763 10.937440
v -3.628569 -0.291338 10.407860
vn 0.0559 0.7475 0.6619
vn -0.5892 -0.5105 0.6263
vn -0.8060 0.4250 -0.4119
vn -0.0559 -0.7475 -0.6619
vn 0.8060 -0.4250 0.4119
vn 0.5892 0.5105 -0.6263
vt 0.875000 0.500000
vt 0.625000 0.750000
vt 0.625000 0.500000
vt 0.375000 1.000000
vt 0.375000 0.750000
vt 0.625000 0.000000
vt 0.375000 0.250000
vt 0.375000 0.000000
vt 0.375000 0.500000
vt 0.125000 0.750000
vt 0.125000 0.500000
vt 0.625000 0.250000
vt 0.875000 0.750000
vt 0.625000 1.000000
s 0
usemtl Material
f 245/421/181 243/422/181 241/423/181
f 243/422/182 248/424/182 244/425/182
f 247/426/183 246/427/183 248/428/183
f 242/429/184 248/430/184 246/431/184
f 241/423/185 244/425/185 242/429/185
f 245/432/186 242/429/186 246/427/186
f 245/421/181 247/433/181 243/422/181
f 243/422/182 247/434/182 248/424/182
f 247/426/183 245/432/183 246/427/183
f 242/429/184 244/425/184 248/430/184
f 241/423/185 243/422/185 244/425/185
f 245/432/186 241/423/186 242/429/186
o Cube.031
v -0.790216 0.694575 17.290119
v -0.855767 -1.537152 18.107811
v -2.463518 1.318844 18.859793
v -2.529069 -0.912884 19.677485
v -2.478201 0.162404 15.702344
v -2.543752 -2.069324 16.520037
v -4.151503 0.786672 17.272018
v -4.217053 -1.445055 18.089710
vn 0.0276 0.9386 -0.3439
vn -0.7037 0.2625 0.6602
vn -0.7099 -0.2238 -0.6678
vn -0.0276 -0.9386 0.3439
vn 0.7099 0.2238 0.6678
vn 0.7037 -0.2625 -0.6602
vt 0.875000 0.500000
vt 0.625000 0.750000
vt 0.625000 0.500000
vt 0.375000 1.000000
vt 0.375000 0.750000
vt 0.625000 0.000000
vt 0.375000 0.250000
vt 0.375000 0.000000
vt 0.375000 0.500000
vt 0.125000 0.750000
vt 0.125000 0.500000
vt 0.625000 0.250000
vt 0.875000 0.750000
vt 0.625000 1.000000
s 0
usemtl Material
f 253/435/187 251/436/187 249/437/187
f 251/436/188 256/438/188 252/439/188
f 255/440/189 254/441/189 256/442/189
f 250/443/190 256/444/190 254/445/190
f 249/437/191 252/439/191 250/443/191
f 253/446/192 250/443/192 254/441/192
f 253/435/187 255/447/187 251/436/187
f 251/436/188 255/448/188 256/438/188
f 255/440/189 253/446/189 254/441/189
f 250/443/190 252/439/190 256/444/190
f 249/437/191 251/436/191 252/439/191
f 253/446/192 249/437/192 250/443/192
o Cube.032
v -4.237688 0.665227 10.778380
v -4.093433 0.040205 10.211994
v -4.589468 0.098395 11.314299
v -4.445212 -0.526627 10.747912
v -5.004302 0.807720 10.425883
v -4.860047 0.182698 9.859497
v -5.356081 0.240888 10.961802
v -5.211826 -0.384134 10.395415
vn -0.1686 0.7304 0.6619
vn -0.4111 -0.6624 0.6263
vn -0.8959 0.1665 -0.4119
vn 0.1686 -0.7304 -0.6619
vn 0.8959 -0.1665 0.4119
vn 0.4111 0.6624 -0.6263
vt 0.875000 0.500000
vt 0.625000 0.750000
vt 0.625000 0.500000
vt 0.375000 1.000000
vt 0.375000 0.750000
vt 0.625000 0.000000
vt 0.375000 0.250000
vt 0.375000 0.000000
vt 0.375000 0.500000
vt 0.125000 0.750000
vt 0.125000 0.500000
vt 0.625000 0.250000
vt 0.875000 0.750000
vt 0.625000 1.000000
s 0
usemtl Material
f 261/449/193 259/450/193 257/451/193
f 259/450/194 264/452/194 260/453/194
f 263/454/195 262/455/195 264/456/195
f 258/457/196 264/458/196 262/459/196
f 257/451/197 260/453/197 258/457/197
f 261/460/198 258/457/198 262/455/198
f 261/449/193 263/461/193 259/450/193
f 259/450/194 263/462/194 264/452/194
f 263/454/195 261/460/195 262/455/195
f 258/457/196 260/453/196 264/458/196
f 257/451/197 259/450/197 260/453/197
f 261/460/198 257/451/198 258/457/198
o Cube.033
v -2.786939 -0.715263 10.684697
v -2.713260 -1.034496 10.395413
v -2.966612 -1.004775 10.958421
v -2.892933 -1.324008 10.669136
v -3.178491 -0.642484 10.504658
v -3.104812 -0.961717 10.215373
v -3.358164 -0.931996 10.778380
v -3.284485 -1.251229 10.489097
vn -0.1686 0.7304 0.6619
vn -0.4111 -0.6624 0.6263
vn -0.8959 0.1665 -0.4119
vn 0.1686 -0.7304 -0.6619
vn 0.8959 -0.1665 0.4119
vn 0.4111 0.6624 -0.6263
vt 0.875000 0.500000
vt 0.625000 0.750000
vt 0.625000 0.500000
vt 0.375000 1.000000
vt 0.375000 0.750000
vt 0.625000 0.000000
vt 0.375000 0.250000
vt 0.375000 0.000000
vt 0.375000 0.500000
vt 0.125000 0.750000
vt 0.125000 0.500000
vt 0.625000 0.250000
vt 0.875000 0.750000
vt 0.625000 1.000000
s 0
usemtl Material
f 269/463/199 267/464/199 265/465/199
f 267/464/200 272/466/200 268/467/200
f 271/468/201 270/469/201 272/470/201
f 266/471/202 272/472/202 270/473/202
f 265/465/203 268/467/203 266/471/203
f 269/474/204 266/471/204 270/469/204
f 269/463/199 271/475/199 267/464/199
f 267/464/200 271/476/200 272/466/200
f 271/468/201 269/474/201 270/469/201
f 266/471/202 268/467/202 272/472/202
f 265/465/203 267/464/203 268/467/203
f 269/474/204 265/465/204 266/471/204
o Cube.034
v -4.887834 0.286087 14.589759
v -4.957962 -2.101467 15.464545
v -6.677971 0.953945 16.269032
v -6.748099 -1.433610 17.143818
v -6.693679 -0.283242 12.891120
v -6.763807 -2.670797 13.765906
v -8.483816 0.384615 14.570394
v -8.553945 -2.002939 15.445180
vn 0.0276 0.9386 -0.3439
vn -0.7037 0.2625 0.6602
vn -0.7099 -0.2238 -0.6678
vn -0.0276 -0.9386 0.3439
vn 0.7099 0.2238 0.6678
vn 0.7037 -0.2625 -0.6602
vt 0.875000 0.500000
vt 0.625000 0.750000
vt 0.625000 0.500000
vt 0.375000 1.000000
vt 0.375000 0.750000
vt 0.625000 0.000000
vt 0.375000 0.250000
vt 0.375000 0.000000
vt 0.375000 0.500000
vt 0.125000 0.750000
vt 0.125000 0.500000
vt 0.625000 0.250000
vt 0.875000 0.750000
vt 0.625000 1.000000
s 0
usemtl Material
f 277/477/205 275/478/205 273/479/205
f 275/478/206 280/480/206 276/481/206
f 279/482/207 278/483/207 280/484/207
f 274/485/208 280/486/208 278/487/208
f 273/479/209 276/481/209 274/485/209
f 277/488/210 274/485/210 278/483/210
f 277/477/205 279/489/205 275/478/205
f 275/478/206 279/490/206 280/480/206
f 279/482/207 277/488/207 278/483/207
f 274/485/208 276/481/208 280/486/208
f 273/479/209 275/478/209 276/481/209
f 277/488/210 273/479/210 274/485/210
